30 132
100 30 24 12 57 54 41 86 78 13 98 16 21 48 19 7 14 38 81 78 44 12 15 44 49 7 50 49 28 18
25 19
26 13
19 7
1 16
24 11
9 23
10 2
14 1
21 28
1 29
29 7
19 13
2 23
5 7
10 18
6 9
7 2
13 23
6 29
4 25
18 17
6 22
24 18
11 27
9 3
24 17
7 13
25 20
3 26
26 23
19 6
3 7
27 5
5 19
8 10
13 28
2 22
12 11
18 2
9 14
11 20
12 18
5 17
5 2
5 23
1 12
23 15
10 16
9 5
27 12
1 17
16 3
17 25
3 21
9 24
15 10
29 28
5 28
21 13
17 28
22 29
25 22
19 11
19 18
6 4
11 2
25 12
19 2
7 27
8 14
1 26
23 18
11 25
4 20
5 8
6 18
20 3
16 4
20 10
3 17
13 25
21 8
26 9
6 27
21 2
27 19
16 7
11 26
27 16
16 17
25 2
17 11
8 13
22 11
13 18
22 24
11 13
29 4
24 20
9 11
15 4
19 12
18 1
16 20
21 15
16 13
14 10
2 15
17 20
1 24
7 23
6 15
13 22
4 26
8 6
5 18
17 9
29 13
26 22
10 6
23 17
6 1
12 13
4 27
7 10
10 5
23 8
17 27
27 21
5 1
10 1
12 23
